Item                                      1     2     84    1217  151   1240 
Code                                      1     2     164   1215  241   1240 

Description                               1     2     388   1211  563   1252 

Quantity                                  1     2     1142  1211  1277  1252 

UOM                                       1     2     1380  1216  1456  1240 

Unit                                      1     2     1539  1215  1603  1240 
Price                                     1     2     1615  1215  1689  1240 

Amount                                    1     2     1755  1217  1882  1240 
€                                         1     2     1894  1216  1910  1240 

Dis                                       1     2     1991  1215  2036  1240 
%                                         1     2     2048  1216  2074  1240 

Line                                      1     2     2157  1215  2218  1240 
Total                                     1     2     2229  1215  2307  1240 

€                                         1     2     2320  1216  2336  1240 
                                          1     3     1605  1261  1621  1286 
€                                         1     3     1605  1261  1621  1286